14.0 8.472 1
17.0 13.757 1
15.0 5.856 1
16.0 12.629 1
13.0 9.304 1
18.0 8.103 1
13.0 8.921 1
17.0 7.074 1
11.0 8.217 1
17.0 11.387 1
11.0 8.794 1
12.0 7.389 1
20.0 13.390 1
13.0 11.940 1
18.0 7.650 1
17.0 8.461 1
18.0 7.584 1
12.0 9.688 1
20.0 24.992 0
14.0 7.259 1
16.0 7.549 1
16.0 6.845 1
16.0 9.405 1
13.0 8.589 1
17.0 13.520 1
9.0 11.670 1
15.0 9.605 1
20.0 5.533 1
19.0 9.033 1
2.0 13.468 1
18.0 6.631 1
14.0 6.566 1
19.0 10.033 1
0 14.228 0
15.0 12.066 1
7.0 9.561 1
18.0 6.597 1
0 20.070 0
13.0 9.838 1
1.0 13.408 1
20.0 5.867 1
8.0 12.029 1
15.0 8.845 1
5.0 14.859 1
17.0 9.791 1
15.0 10.258 1
20.0 9.258 1
8.0 13.974 1
20.0 12.578 1
