15.0 10.990 1
18.0 25.078 0
6.0 16.441 1
20.0 24.956 0
17.0 18.627 1
20.0 24.870 0
13.0 14.171 1
2.0 24.639 1
16.0 22.031 1
5.0 25.040 0
16.0 19.173 1
10.0 23.581 1
17.0 16.045 1
20.0 24.988 0
18.0 11.574 1
20.0 24.803 0
20.0 16.695 1
20.0 24.861 0
18.0 19.903 1
20.0 24.879 0
20.0 21.733 1
20.0 25.107 0
16.0 16.708 1
20.0 24.902 0
20.0 24.828 0
18.0 16.784 1
1.0 24.461 1
20.0 20.012 1
20.0 24.928 0
12.0 15.788 1
20.0 25.030 0
20.0 13.678 1
15.0 23.689 1
12.0 18.537 1
20.0 25.015 0
20.0 14.841 1
20.0 25.121 0
20.0 16.612 1
11.0 13.717 1
11.0 24.185 1
20.0 11.533 1
15.0 12.089 1
15.0 18.414 1
14.0 19.623 1
0 37.950 0
17.0 16.093 1
6.0 29.262 1
20.0 19.857 1
